{
 "cells": [
  {
   "cell_type": "code",
   "execution_count": null,
   "metadata": {},
   "outputs": [],
   "source": [
    "!pip3 install vaderSentiment\n",
    "! pip install --upgrade vaderSentiment"
   ]
  },
  {
   "cell_type": "code",
   "execution_count": null,
   "metadata": {},
   "outputs": [],
   "source": [
    "from vaderSentiment.vaderSentiment import SentimentIntensityAnalyzer"
   ]
  },
  {
   "cell_type": "code",
   "execution_count": 9,
   "metadata": {},
   "outputs": [
    {
     "name": "stdout",
     "output_type": "stream",
     "text": [
      "Collecting vaderSentiment\n",
      "  Using cached vaderSentiment-3.3.2-py2.py3-none-any.whl (125 kB)\n",
      "Requirement already satisfied: requests in /Users/neilxu/opt/anaconda3/lib/python3.8/site-packages (from vaderSentiment) (2.25.1)\n",
      "Requirement already satisfied: certifi>=2017.4.17 in /Users/neilxu/opt/anaconda3/lib/python3.8/site-packages (from requests->vaderSentiment) (2020.12.5)\n",
      "Requirement already satisfied: chardet<5,>=3.0.2 in /Users/neilxu/opt/anaconda3/lib/python3.8/site-packages (from requests->vaderSentiment) (4.0.0)\n",
      "Requirement already satisfied: urllib3<1.27,>=1.21.1 in /Users/neilxu/opt/anaconda3/lib/python3.8/site-packages (from requests->vaderSentiment) (1.26.3)\n",
      "Requirement already satisfied: idna<3,>=2.5 in /Users/neilxu/opt/anaconda3/lib/python3.8/site-packages (from requests->vaderSentiment) (2.10)\n",
      "Installing collected packages: vaderSentiment\n",
      "Successfully installed vaderSentiment-3.3.2\n"
     ]
    }
   ],
   "source": [
    "import sys\n",
    "!{sys.executable} -m pip install vaderSentiment"
   ]
  },
  {
   "cell_type": "code",
   "execution_count": 11,
   "metadata": {},
   "outputs": [],
   "source": [
    "from vaderSentiment.vaderSentiment import SentimentIntensityAnalyzer\n",
    "import pandas as pd\n",
    "import numpy as np"
   ]
  },
  {
   "cell_type": "code",
   "execution_count": 13,
   "metadata": {},
   "outputs": [
    {
     "data": {
      "text/html": [
       "<div>\n",
       "<style scoped>\n",
       "    .dataframe tbody tr th:only-of-type {\n",
       "        vertical-align: middle;\n",
       "    }\n",
       "\n",
       "    .dataframe tbody tr th {\n",
       "        vertical-align: top;\n",
       "    }\n",
       "\n",
       "    .dataframe thead th {\n",
       "        text-align: right;\n",
       "    }\n",
       "</style>\n",
       "<table border=\"1\" class=\"dataframe\">\n",
       "  <thead>\n",
       "    <tr style=\"text-align: right;\">\n",
       "      <th></th>\n",
       "      <th>Artist</th>\n",
       "      <th>Name</th>\n",
       "      <th>Genre</th>\n",
       "      <th>Lyrics</th>\n",
       "      <th>Peak.position</th>\n",
       "      <th>Weeks.on.chart</th>\n",
       "      <th>Avg.rank</th>\n",
       "      <th>Date</th>\n",
       "    </tr>\n",
       "  </thead>\n",
       "  <tbody>\n",
       "    <tr>\n",
       "      <th>0</th>\n",
       "      <td>\"WEIRD AL\" YANKOVIC</td>\n",
       "      <td>CANADIAN IDIOT</td>\n",
       "      <td>COMEDY,PARODY,ROCK</td>\n",
       "      <td>CANADIAN IDIOT \\nDON'T WANNA BE A CANADIAN IDI...</td>\n",
       "      <td>82.0</td>\n",
       "      <td>3.0</td>\n",
       "      <td>91.333333</td>\n",
       "      <td>2006</td>\n",
       "    </tr>\n",
       "    <tr>\n",
       "      <th>1</th>\n",
       "      <td>\"WEIRD AL\" YANKOVIC</td>\n",
       "      <td>WORD CRIMES</td>\n",
       "      <td>PARODY,COMEDY,POP</td>\n",
       "      <td>WORD CRIMES \\nEVERYBODY SHUT UP! WOO!\\nEVERYON...</td>\n",
       "      <td>39.0</td>\n",
       "      <td>2.0</td>\n",
       "      <td>65.000000</td>\n",
       "      <td>2014</td>\n",
       "    </tr>\n",
       "    <tr>\n",
       "      <th>2</th>\n",
       "      <td>'N SYNC</td>\n",
       "      <td>BYE BYE BYE</td>\n",
       "      <td>ADULT CONTEMPORARY,DANCE-POP,TEEN POP,BOY BAND...</td>\n",
       "      <td>BYE BYE BYE \\nHEY, HEY\\nBYE, BYE, BYE\\nBYE, BY...</td>\n",
       "      <td>4.0</td>\n",
       "      <td>23.0</td>\n",
       "      <td>14.260870</td>\n",
       "      <td>2000</td>\n",
       "    </tr>\n",
       "    <tr>\n",
       "      <th>3</th>\n",
       "      <td>'N SYNC</td>\n",
       "      <td>GONE</td>\n",
       "      <td>ADULT CONTEMPORARY,ACOUSTIC,SOUL POP,R&amp;;B,BOY ...</td>\n",
       "      <td>GONE \\nTHERE'S A THOUSAND WORDS THAT I COULD S...</td>\n",
       "      <td>11.0</td>\n",
       "      <td>24.0</td>\n",
       "      <td>27.125000</td>\n",
       "      <td>2001</td>\n",
       "    </tr>\n",
       "    <tr>\n",
       "      <th>4</th>\n",
       "      <td>'N SYNC</td>\n",
       "      <td>IT'S GONNA BE ME</td>\n",
       "      <td>MEMES,DANCE-POP,TEEN POP,BOY BAND,POP</td>\n",
       "      <td>IT'S GONNA BE ME \\nIT'S GONNA BE ME\\nOH, YEAH\\...</td>\n",
       "      <td>1.0</td>\n",
       "      <td>25.0</td>\n",
       "      <td>21.680000</td>\n",
       "      <td>2000</td>\n",
       "    </tr>\n",
       "  </tbody>\n",
       "</table>\n",
       "</div>"
      ],
      "text/plain": [
       "                Artist              Name  \\\n",
       "0  \"WEIRD AL\" YANKOVIC    CANADIAN IDIOT   \n",
       "1  \"WEIRD AL\" YANKOVIC       WORD CRIMES   \n",
       "2              'N SYNC       BYE BYE BYE   \n",
       "3              'N SYNC              GONE   \n",
       "4              'N SYNC  IT'S GONNA BE ME   \n",
       "\n",
       "                                               Genre  \\\n",
       "0                                 COMEDY,PARODY,ROCK   \n",
       "1                                  PARODY,COMEDY,POP   \n",
       "2  ADULT CONTEMPORARY,DANCE-POP,TEEN POP,BOY BAND...   \n",
       "3  ADULT CONTEMPORARY,ACOUSTIC,SOUL POP,R&;B,BOY ...   \n",
       "4              MEMES,DANCE-POP,TEEN POP,BOY BAND,POP   \n",
       "\n",
       "                                              Lyrics  Peak.position  \\\n",
       "0  CANADIAN IDIOT \\nDON'T WANNA BE A CANADIAN IDI...           82.0   \n",
       "1  WORD CRIMES \\nEVERYBODY SHUT UP! WOO!\\nEVERYON...           39.0   \n",
       "2  BYE BYE BYE \\nHEY, HEY\\nBYE, BYE, BYE\\nBYE, BY...            4.0   \n",
       "3  GONE \\nTHERE'S A THOUSAND WORDS THAT I COULD S...           11.0   \n",
       "4  IT'S GONNA BE ME \\nIT'S GONNA BE ME\\nOH, YEAH\\...            1.0   \n",
       "\n",
       "   Weeks.on.chart   Avg.rank  Date  \n",
       "0             3.0  91.333333  2006  \n",
       "1             2.0  65.000000  2014  \n",
       "2            23.0  14.260870  2000  \n",
       "3            24.0  27.125000  2001  \n",
       "4            25.0  21.680000  2000  "
      ]
     },
     "execution_count": 13,
     "metadata": {},
     "output_type": "execute_result"
    }
   ],
   "source": [
    "# loading and cleaning billboard\n",
    "billboardHot100 = pd.read_csv('data/billboardHot100_1999-2019.csv')\n",
    "billboardHot100 = billboardHot100[['Artists', 'Name', 'Genre', 'Peak.position', 'Weeks.on.chart','Weekly.rank','Date','Lyrics']]\n",
    "billboardHot100['Weeks.on.chart'] = billboardHot100['Weeks.on.chart'].fillna(1)\n",
    "billboardHot100['Peak.position'] = billboardHot100['Peak.position'].fillna(100)\n",
    "billboardHot100['Weekly.rank'] = billboardHot100['Weekly.rank'].fillna(100)\n",
    "billboardHot100['Genre'] = billboardHot100['Genre'].fillna('None')\n",
    "billboardHot100['Date'] = billboardHot100['Date'].fillna('1999')\n",
    "billboardHot100 = billboardHot100.groupby(['Artists', 'Name','Genre', 'Lyrics']).agg({'Peak.position':'min', 'Weeks.on.chart':'max', 'Weekly.rank':'mean', 'Date':'max'})[['Peak.position','Weeks.on.chart','Weekly.rank', 'Date']].reset_index()\n",
    "billboardHot100.rename(columns = {'Weekly.rank':'Avg.rank', 'Artists':'Artist'}, inplace = True)\n",
    "billboardHot100['Date'] = pd.to_datetime(billboardHot100['Date'])\n",
    "billboardHot100['Date'] = billboardHot100['Date'].apply(lambda x : x.year)\n",
    "billboardHot100 = billboardHot100.applymap(lambda s: s.upper() if type(s) == str else s)\n",
    "billboardHot100.head()"
   ]
  },
  {
   "cell_type": "code",
   "execution_count": 21,
   "metadata": {},
   "outputs": [
    {
     "name": "stdout",
     "output_type": "stream",
     "text": [
      "{'neg': 0.106, 'neu': 0.769, 'pos': 0.126, 'compound': 0.6144}\n",
      "{'neg': 0.075, 'neu': 0.684, 'pos': 0.241, 'compound': 0.9991}\n",
      "{'neg': 0.116, 'neu': 0.768, 'pos': 0.116, 'compound': 0.2704}\n",
      "{'neg': 0.057, 'neu': 0.767, 'pos': 0.175, 'compound': 0.9977}\n",
      "{'neg': 0.087, 'neu': 0.747, 'pos': 0.166, 'compound': 0.9828}\n",
      "{'neg': 0.085, 'neu': 0.851, 'pos': 0.064, 'compound': -0.9403}\n",
      "{'neg': 0.026, 'neu': 0.733, 'pos': 0.241, 'compound': 0.995}\n",
      "{'neg': 0.01, 'neu': 0.699, 'pos': 0.291, 'compound': 0.9991}\n",
      "{'neg': 0.147, 'neu': 0.676, 'pos': 0.177, 'compound': 0.8715}\n",
      "{'neg': 0.055, 'neu': 0.777, 'pos': 0.167, 'compound': 0.9938}\n",
      "{'neg': 0.078, 'neu': 0.812, 'pos': 0.11, 'compound': 0.9636}\n",
      "{'neg': 0.134, 'neu': 0.754, 'pos': 0.111, 'compound': -0.8182}\n",
      "{'neg': 0.06, 'neu': 0.723, 'pos': 0.217, 'compound': 0.9977}\n",
      "{'neg': 0.047, 'neu': 0.82, 'pos': 0.133, 'compound': 0.9951}\n",
      "{'neg': 0.078, 'neu': 0.836, 'pos': 0.087, 'compound': -0.2337}\n",
      "{'neg': 0.1, 'neu': 0.65, 'pos': 0.251, 'compound': 0.9993}\n",
      "{'neg': 0.16, 'neu': 0.708, 'pos': 0.132, 'compound': -0.9951}\n",
      "{'neg': 0.198, 'neu': 0.686, 'pos': 0.116, 'compound': -0.9966}\n",
      "{'neg': 0.059, 'neu': 0.795, 'pos': 0.145, 'compound': 0.9857}\n",
      "{'neg': 0.232, 'neu': 0.621, 'pos': 0.147, 'compound': -0.9992}\n",
      "{'neg': 0.157, 'neu': 0.662, 'pos': 0.181, 'compound': 0.9497}\n",
      "{'neg': 0.048, 'neu': 0.756, 'pos': 0.195, 'compound': 0.9949}\n",
      "{'neg': 0.085, 'neu': 0.801, 'pos': 0.114, 'compound': 0.8033}\n",
      "{'neg': 0.205, 'neu': 0.615, 'pos': 0.181, 'compound': -0.9851}\n",
      "{'neg': 0.054, 'neu': 0.731, 'pos': 0.216, 'compound': 0.9992}\n",
      "{'neg': 0.079, 'neu': 0.591, 'pos': 0.33, 'compound': 0.9997}\n",
      "{'neg': 0.309, 'neu': 0.573, 'pos': 0.118, 'compound': -0.9994}\n",
      "{'neg': 0.093, 'neu': 0.723, 'pos': 0.184, 'compound': 0.997}\n",
      "{'neg': 0.206, 'neu': 0.661, 'pos': 0.133, 'compound': -0.998}\n",
      "{'neg': 0.131, 'neu': 0.677, 'pos': 0.192, 'compound': 0.9797}\n",
      "{'neg': 0.103, 'neu': 0.795, 'pos': 0.102, 'compound': -0.88}\n",
      "{'neg': 0.099, 'neu': 0.794, 'pos': 0.107, 'compound': 0.9181}\n",
      "{'neg': 0.223, 'neu': 0.704, 'pos': 0.073, 'compound': -0.9986}\n",
      "{'neg': 0.151, 'neu': 0.707, 'pos': 0.142, 'compound': -0.9784}\n",
      "{'neg': 0.188, 'neu': 0.649, 'pos': 0.163, 'compound': -0.9847}\n",
      "{'neg': 0.104, 'neu': 0.676, 'pos': 0.22, 'compound': 0.9976}\n",
      "{'neg': 0.193, 'neu': 0.5, 'pos': 0.307, 'compound': 0.9985}\n",
      "{'neg': 0.22, 'neu': 0.583, 'pos': 0.197, 'compound': -0.991}\n",
      "{'neg': 0.178, 'neu': 0.699, 'pos': 0.123, 'compound': -0.9972}\n",
      "{'neg': 0.192, 'neu': 0.706, 'pos': 0.102, 'compound': -0.9973}\n",
      "{'neg': 0.33, 'neu': 0.486, 'pos': 0.184, 'compound': -0.9991}\n",
      "{'neg': 0.138, 'neu': 0.709, 'pos': 0.153, 'compound': 0.3015}\n",
      "{'neg': 0.082, 'neu': 0.724, 'pos': 0.194, 'compound': 0.9928}\n",
      "{'neg': 0.44, 'neu': 0.53, 'pos': 0.03, 'compound': -0.9999}\n",
      "{'neg': 0.309, 'neu': 0.577, 'pos': 0.114, 'compound': -0.9996}\n",
      "{'neg': 0.288, 'neu': 0.634, 'pos': 0.078, 'compound': -0.9997}\n",
      "{'neg': 0.194, 'neu': 0.652, 'pos': 0.153, 'compound': -0.9958}\n",
      "{'neg': 0.388, 'neu': 0.49, 'pos': 0.122, 'compound': -0.9998}\n",
      "{'neg': 0.164, 'neu': 0.615, 'pos': 0.221, 'compound': 0.9931}\n",
      "{'neg': 0.332, 'neu': 0.563, 'pos': 0.105, 'compound': -0.9997}\n",
      "{'neg': 0.169, 'neu': 0.725, 'pos': 0.106, 'compound': -0.9944}\n",
      "{'neg': 0.144, 'neu': 0.627, 'pos': 0.229, 'compound': 0.9988}\n",
      "{'neg': 0.117, 'neu': 0.784, 'pos': 0.099, 'compound': -0.958}\n",
      "{'neg': 0.073, 'neu': 0.889, 'pos': 0.038, 'compound': -0.8323}\n",
      "{'neg': 0.021, 'neu': 0.814, 'pos': 0.165, 'compound': 0.9944}\n",
      "{'neg': 0.062, 'neu': 0.841, 'pos': 0.097, 'compound': 0.8627}\n",
      "{'neg': 0.055, 'neu': 0.767, 'pos': 0.177, 'compound': 0.9916}\n",
      "{'neg': 0.053, 'neu': 0.892, 'pos': 0.055, 'compound': -0.3031}\n",
      "{'neg': 0.074, 'neu': 0.744, 'pos': 0.182, 'compound': 0.9891}\n",
      "{'neg': 0.091, 'neu': 0.721, 'pos': 0.188, 'compound': 0.9935}\n",
      "{'neg': 0.21, 'neu': 0.737, 'pos': 0.053, 'compound': -0.9952}\n",
      "{'neg': 0.152, 'neu': 0.68, 'pos': 0.169, 'compound': 0.9628}\n",
      "{'neg': 0.045, 'neu': 0.813, 'pos': 0.142, 'compound': 0.9635}\n",
      "{'neg': 0.061, 'neu': 0.626, 'pos': 0.313, 'compound': 0.9949}\n",
      "{'neg': 0.168, 'neu': 0.552, 'pos': 0.279, 'compound': 0.9984}\n",
      "{'neg': 0.022, 'neu': 0.934, 'pos': 0.044, 'compound': 0.8885}\n",
      "{'neg': 0.177, 'neu': 0.698, 'pos': 0.126, 'compound': -0.9758}\n",
      "{'neg': 0.052, 'neu': 0.829, 'pos': 0.119, 'compound': 0.9804}\n",
      "{'neg': 0.011, 'neu': 0.95, 'pos': 0.04, 'compound': 0.6874}\n",
      "{'neg': 0.118, 'neu': 0.781, 'pos': 0.102, 'compound': -0.7282}\n",
      "{'neg': 0.09, 'neu': 0.757, 'pos': 0.153, 'compound': 0.973}\n",
      "{'neg': 0.08, 'neu': 0.811, 'pos': 0.109, 'compound': 0.9626}\n",
      "{'neg': 0.042, 'neu': 0.886, 'pos': 0.072, 'compound': 0.9353}\n",
      "{'neg': 0.099, 'neu': 0.769, 'pos': 0.132, 'compound': 0.9581}\n",
      "{'neg': 0.015, 'neu': 0.847, 'pos': 0.138, 'compound': 0.9937}\n",
      "{'neg': 0.117, 'neu': 0.652, 'pos': 0.231, 'compound': 0.9973}\n",
      "{'neg': 0.099, 'neu': 0.821, 'pos': 0.08, 'compound': -0.7498}\n",
      "{'neg': 0.035, 'neu': 0.801, 'pos': 0.164, 'compound': 0.9916}\n",
      "{'neg': 0.047, 'neu': 0.826, 'pos': 0.127, 'compound': 0.989}\n",
      "{'neg': 0.235, 'neu': 0.634, 'pos': 0.131, 'compound': -0.9942}\n",
      "{'neg': 0.149, 'neu': 0.77, 'pos': 0.081, 'compound': -0.9695}\n",
      "{'neg': 0.006, 'neu': 0.746, 'pos': 0.248, 'compound': 0.998}\n",
      "{'neg': 0.043, 'neu': 0.752, 'pos': 0.204, 'compound': 0.9974}\n",
      "{'neg': 0.109, 'neu': 0.64, 'pos': 0.251, 'compound': 0.9964}\n",
      "{'neg': 0.063, 'neu': 0.79, 'pos': 0.147, 'compound': 0.9706}\n",
      "{'neg': 0.09, 'neu': 0.776, 'pos': 0.135, 'compound': 0.2732}\n",
      "{'neg': 0.039, 'neu': 0.678, 'pos': 0.283, 'compound': 0.9997}\n",
      "{'neg': 0.083, 'neu': 0.842, 'pos': 0.076, 'compound': -0.9196}\n",
      "{'neg': 0.04, 'neu': 0.871, 'pos': 0.089, 'compound': 0.9873}\n",
      "{'neg': 0.029, 'neu': 0.867, 'pos': 0.104, 'compound': 0.9873}\n",
      "{'neg': 0.093, 'neu': 0.792, 'pos': 0.115, 'compound': 0.7723}\n",
      "{'neg': 0.077, 'neu': 0.857, 'pos': 0.065, 'compound': -0.8645}\n",
      "{'neg': 0.11, 'neu': 0.796, 'pos': 0.094, 'compound': -0.9299}\n",
      "{'neg': 0.1, 'neu': 0.791, 'pos': 0.109, 'compound': 0.5798}\n",
      "{'neg': 0.084, 'neu': 0.79, 'pos': 0.126, 'compound': 0.9889}\n",
      "{'neg': 0.121, 'neu': 0.712, 'pos': 0.167, 'compound': 0.9837}\n",
      "{'neg': 0.104, 'neu': 0.749, 'pos': 0.147, 'compound': 0.9891}\n",
      "{'neg': 0.224, 'neu': 0.658, 'pos': 0.118, 'compound': -0.9984}\n",
      "{'neg': 0.124, 'neu': 0.618, 'pos': 0.259, 'compound': 0.9989}\n",
      "{'neg': 0.121, 'neu': 0.715, 'pos': 0.164, 'compound': 0.9513}\n",
      "{'neg': 0.074, 'neu': 0.812, 'pos': 0.114, 'compound': 0.9812}\n",
      "{'neg': 0.215, 'neu': 0.705, 'pos': 0.08, 'compound': -0.9994}\n",
      "{'neg': 0.174, 'neu': 0.691, 'pos': 0.136, 'compound': -0.9855}\n",
      "{'neg': 0.083, 'neu': 0.763, 'pos': 0.154, 'compound': 0.9674}\n",
      "{'neg': 0.172, 'neu': 0.748, 'pos': 0.08, 'compound': -0.9952}\n",
      "{'neg': 0.129, 'neu': 0.778, 'pos': 0.093, 'compound': -0.9818}\n",
      "{'neg': 0.196, 'neu': 0.717, 'pos': 0.086, 'compound': -0.9975}\n",
      "{'neg': 0.022, 'neu': 0.603, 'pos': 0.375, 'compound': 0.9999}\n",
      "{'neg': 0.175, 'neu': 0.713, 'pos': 0.112, 'compound': -0.9954}\n",
      "{'neg': 0.203, 'neu': 0.64, 'pos': 0.157, 'compound': -0.9961}\n",
      "{'neg': 0.077, 'neu': 0.693, 'pos': 0.23, 'compound': 0.999}\n",
      "{'neg': 0.043, 'neu': 0.931, 'pos': 0.026, 'compound': -0.5803}\n",
      "{'neg': 0.301, 'neu': 0.683, 'pos': 0.017, 'compound': -0.9992}\n",
      "{'neg': 0.241, 'neu': 0.585, 'pos': 0.174, 'compound': -0.9966}\n",
      "{'neg': 0.107, 'neu': 0.789, 'pos': 0.104, 'compound': -0.6077}\n",
      "{'neg': 0.352, 'neu': 0.607, 'pos': 0.04, 'compound': -0.9997}\n",
      "{'neg': 0.27, 'neu': 0.667, 'pos': 0.064, 'compound': -0.9992}\n",
      "{'neg': 0.276, 'neu': 0.711, 'pos': 0.013, 'compound': -0.9996}\n",
      "{'neg': 0.137, 'neu': 0.754, 'pos': 0.109, 'compound': -0.972}\n",
      "{'neg': 0.174, 'neu': 0.707, 'pos': 0.119, 'compound': -0.9924}\n",
      "{'neg': 0.241, 'neu': 0.643, 'pos': 0.117, 'compound': -0.9968}\n",
      "{'neg': 0.249, 'neu': 0.685, 'pos': 0.066, 'compound': -0.9987}\n",
      "{'neg': 0.129, 'neu': 0.757, 'pos': 0.114, 'compound': -0.932}\n",
      "{'neg': 0.249, 'neu': 0.58, 'pos': 0.171, 'compound': -0.9955}\n",
      "{'neg': 0.174, 'neu': 0.614, 'pos': 0.212, 'compound': 0.9062}\n",
      "{'neg': 0.052, 'neu': 0.797, 'pos': 0.152, 'compound': 0.9864}\n",
      "{'neg': 0.091, 'neu': 0.64, 'pos': 0.269, 'compound': 0.9994}\n",
      "{'neg': 0.024, 'neu': 0.945, 'pos': 0.031, 'compound': 0.34}\n",
      "{'neg': 0.007, 'neu': 0.8, 'pos': 0.193, 'compound': 0.995}\n",
      "{'neg': 0.095, 'neu': 0.715, 'pos': 0.19, 'compound': 0.9918}\n",
      "{'neg': 0.136, 'neu': 0.744, 'pos': 0.119, 'compound': -0.7458}\n",
      "{'neg': 0.062, 'neu': 0.803, 'pos': 0.136, 'compound': 0.9809}\n",
      "{'neg': 0.183, 'neu': 0.655, 'pos': 0.162, 'compound': -0.9875}\n",
      "{'neg': 0.0, 'neu': 1.0, 'pos': 0.0, 'compound': 0.0}\n"
     ]
    },
    {
     "name": "stdout",
     "output_type": "stream",
     "text": [
      "{'neg': 0.258, 'neu': 0.563, 'pos': 0.179, 'compound': -0.9986}\n",
      "{'neg': 0.229, 'neu': 0.65, 'pos': 0.122, 'compound': -0.998}\n",
      "{'neg': 0.141, 'neu': 0.759, 'pos': 0.1, 'compound': -0.9876}\n",
      "{'neg': 0.06, 'neu': 0.694, 'pos': 0.246, 'compound': 0.9988}\n",
      "{'neg': 0.15, 'neu': 0.708, 'pos': 0.142, 'compound': -0.9051}\n",
      "{'neg': 0.147, 'neu': 0.662, 'pos': 0.19, 'compound': 0.9868}\n",
      "{'neg': 0.061, 'neu': 0.683, 'pos': 0.256, 'compound': 0.9986}\n",
      "{'neg': 0.201, 'neu': 0.629, 'pos': 0.17, 'compound': -0.9832}\n",
      "{'neg': 0.164, 'neu': 0.654, 'pos': 0.182, 'compound': -0.5328}\n",
      "{'neg': 0.219, 'neu': 0.487, 'pos': 0.295, 'compound': 0.9943}\n",
      "{'neg': 0.055, 'neu': 0.789, 'pos': 0.156, 'compound': 0.9938}\n",
      "{'neg': 0.016, 'neu': 0.796, 'pos': 0.188, 'compound': 0.9771}\n",
      "{'neg': 0.196, 'neu': 0.701, 'pos': 0.104, 'compound': -0.9868}\n",
      "{'neg': 0.295, 'neu': 0.669, 'pos': 0.035, 'compound': -0.9919}\n",
      "{'neg': 0.035, 'neu': 0.758, 'pos': 0.207, 'compound': 0.9957}\n",
      "{'neg': 0.05, 'neu': 0.775, 'pos': 0.175, 'compound': 0.9877}\n",
      "{'neg': 0.146, 'neu': 0.793, 'pos': 0.061, 'compound': -0.9909}\n",
      "{'neg': 0.143, 'neu': 0.82, 'pos': 0.037, 'compound': -0.9975}\n",
      "{'neg': 0.152, 'neu': 0.794, 'pos': 0.054, 'compound': -0.9958}\n",
      "{'neg': 0.219, 'neu': 0.663, 'pos': 0.118, 'compound': -0.9991}\n",
      "{'neg': 0.165, 'neu': 0.658, 'pos': 0.178, 'compound': -0.2996}\n",
      "{'neg': 0.152, 'neu': 0.666, 'pos': 0.182, 'compound': 0.8462}\n",
      "{'neg': 0.08, 'neu': 0.767, 'pos': 0.153, 'compound': 0.9933}\n",
      "{'neg': 0.247, 'neu': 0.684, 'pos': 0.069, 'compound': -0.9989}\n",
      "{'neg': 0.132, 'neu': 0.696, 'pos': 0.173, 'compound': 0.9554}\n",
      "{'neg': 0.023, 'neu': 0.898, 'pos': 0.08, 'compound': 0.9062}\n",
      "{'neg': 0.053, 'neu': 0.705, 'pos': 0.242, 'compound': 0.9937}\n",
      "{'neg': 0.241, 'neu': 0.642, 'pos': 0.117, 'compound': -0.987}\n",
      "{'neg': 0.128, 'neu': 0.826, 'pos': 0.046, 'compound': -0.9806}\n",
      "{'neg': 0.11, 'neu': 0.692, 'pos': 0.198, 'compound': 0.9812}\n",
      "{'neg': 0.25, 'neu': 0.566, 'pos': 0.184, 'compound': -0.9903}\n",
      "{'neg': 0.0, 'neu': 0.671, 'pos': 0.329, 'compound': 0.9986}\n",
      "{'neg': 0.16, 'neu': 0.781, 'pos': 0.06, 'compound': -0.9401}\n",
      "{'neg': 0.061, 'neu': 0.872, 'pos': 0.067, 'compound': 0.4807}\n",
      "{'neg': 0.068, 'neu': 0.598, 'pos': 0.334, 'compound': 0.9982}\n",
      "{'neg': 0.052, 'neu': 0.885, 'pos': 0.063, 'compound': -0.1408}\n",
      "{'neg': 0.131, 'neu': 0.769, 'pos': 0.099, 'compound': -0.8721}\n",
      "{'neg': 0.052, 'neu': 0.68, 'pos': 0.268, 'compound': 0.9989}\n",
      "{'neg': 0.004, 'neu': 0.941, 'pos': 0.055, 'compound': 0.9697}\n",
      "{'neg': 0.069, 'neu': 0.909, 'pos': 0.022, 'compound': -0.9844}\n",
      "{'neg': 0.236, 'neu': 0.74, 'pos': 0.024, 'compound': -0.9992}\n",
      "{'neg': 0.18, 'neu': 0.686, 'pos': 0.135, 'compound': -0.9916}\n",
      "{'neg': 0.068, 'neu': 0.781, 'pos': 0.151, 'compound': 0.9942}\n",
      "{'neg': 0.153, 'neu': 0.572, 'pos': 0.275, 'compound': 0.9916}\n",
      "{'neg': 0.06, 'neu': 0.832, 'pos': 0.109, 'compound': 0.9538}\n",
      "{'neg': 0.022, 'neu': 0.825, 'pos': 0.153, 'compound': 0.9877}\n",
      "{'neg': 0.059, 'neu': 0.765, 'pos': 0.175, 'compound': 0.9983}\n",
      "{'neg': 0.173, 'neu': 0.744, 'pos': 0.083, 'compound': -0.9975}\n",
      "{'neg': 0.221, 'neu': 0.676, 'pos': 0.103, 'compound': -0.9991}\n",
      "{'neg': 0.109, 'neu': 0.759, 'pos': 0.133, 'compound': 0.9493}\n",
      "{'neg': 0.108, 'neu': 0.703, 'pos': 0.189, 'compound': 0.9964}\n",
      "{'neg': 0.086, 'neu': 0.839, 'pos': 0.075, 'compound': 0.5445}\n",
      "{'neg': 0.051, 'neu': 0.782, 'pos': 0.167, 'compound': 0.9949}\n",
      "{'neg': 0.167, 'neu': 0.532, 'pos': 0.301, 'compound': 0.9965}\n",
      "{'neg': 0.021, 'neu': 0.759, 'pos': 0.219, 'compound': 0.9984}\n",
      "{'neg': 0.148, 'neu': 0.762, 'pos': 0.089, 'compound': -0.9706}\n",
      "{'neg': 0.211, 'neu': 0.692, 'pos': 0.098, 'compound': -0.9816}\n",
      "{'neg': 0.109, 'neu': 0.696, 'pos': 0.195, 'compound': 0.9853}\n",
      "{'neg': 0.048, 'neu': 0.716, 'pos': 0.236, 'compound': 0.9957}\n",
      "{'neg': 0.081, 'neu': 0.808, 'pos': 0.111, 'compound': 0.791}\n",
      "{'neg': 0.085, 'neu': 0.787, 'pos': 0.128, 'compound': 0.8126}\n",
      "{'neg': 0.103, 'neu': 0.715, 'pos': 0.183, 'compound': 0.9821}\n",
      "{'neg': 0.086, 'neu': 0.888, 'pos': 0.027, 'compound': -0.9266}\n",
      "{'neg': 0.155, 'neu': 0.771, 'pos': 0.074, 'compound': -0.9175}\n",
      "{'neg': 0.17, 'neu': 0.664, 'pos': 0.166, 'compound': -0.0636}\n",
      "{'neg': 0.1, 'neu': 0.649, 'pos': 0.251, 'compound': 0.9992}\n",
      "{'neg': 0.052, 'neu': 0.878, 'pos': 0.069, 'compound': 0.8457}\n",
      "{'neg': 0.153, 'neu': 0.717, 'pos': 0.13, 'compound': -0.8812}\n",
      "{'neg': 0.066, 'neu': 0.868, 'pos': 0.066, 'compound': 0.2833}\n",
      "{'neg': 0.151, 'neu': 0.637, 'pos': 0.212, 'compound': 0.981}\n",
      "{'neg': 0.118, 'neu': 0.779, 'pos': 0.103, 'compound': -0.0531}\n",
      "{'neg': 0.047, 'neu': 0.728, 'pos': 0.225, 'compound': 0.9985}\n",
      "{'neg': 0.092, 'neu': 0.732, 'pos': 0.175, 'compound': 0.9877}\n",
      "{'neg': 0.219, 'neu': 0.663, 'pos': 0.119, 'compound': -0.9859}\n",
      "{'neg': 0.058, 'neu': 0.617, 'pos': 0.325, 'compound': 0.9991}\n",
      "{'neg': 0.069, 'neu': 0.825, 'pos': 0.106, 'compound': 0.8716}\n",
      "{'neg': 0.083, 'neu': 0.864, 'pos': 0.053, 'compound': -0.9782}\n",
      "{'neg': 0.03, 'neu': 0.811, 'pos': 0.16, 'compound': 0.9935}\n",
      "{'neg': 0.068, 'neu': 0.606, 'pos': 0.326, 'compound': 0.9994}\n",
      "{'neg': 0.081, 'neu': 0.773, 'pos': 0.146, 'compound': 0.9896}\n",
      "{'neg': 0.146, 'neu': 0.677, 'pos': 0.177, 'compound': 0.9848}\n",
      "{'neg': 0.071, 'neu': 0.871, 'pos': 0.059, 'compound': -0.6172}\n",
      "{'neg': 0.037, 'neu': 0.827, 'pos': 0.136, 'compound': 0.9968}\n",
      "{'neg': 0.133, 'neu': 0.792, 'pos': 0.075, 'compound': -0.996}\n",
      "{'neg': 0.072, 'neu': 0.898, 'pos': 0.03, 'compound': -0.961}\n",
      "{'neg': 0.287, 'neu': 0.661, 'pos': 0.052, 'compound': -0.9996}\n",
      "{'neg': 0.045, 'neu': 0.799, 'pos': 0.157, 'compound': 0.9972}\n",
      "{'neg': 0.081, 'neu': 0.824, 'pos': 0.095, 'compound': 0.8456}\n",
      "{'neg': 0.154, 'neu': 0.79, 'pos': 0.057, 'compound': -0.9927}\n",
      "{'neg': 0.058, 'neu': 0.864, 'pos': 0.077, 'compound': 0.9434}\n",
      "{'neg': 0.047, 'neu': 0.653, 'pos': 0.3, 'compound': 0.9988}\n",
      "{'neg': 0.0, 'neu': 0.806, 'pos': 0.194, 'compound': 0.9919}\n",
      "{'neg': 0.064, 'neu': 0.568, 'pos': 0.368, 'compound': 0.9954}\n",
      "{'neg': 0.011, 'neu': 0.919, 'pos': 0.069, 'compound': 0.9517}\n",
      "{'neg': 0.059, 'neu': 0.854, 'pos': 0.087, 'compound': 0.9429}\n",
      "{'neg': 0.074, 'neu': 0.665, 'pos': 0.261, 'compound': 0.9991}\n",
      "{'neg': 0.04, 'neu': 0.573, 'pos': 0.387, 'compound': 0.9984}\n",
      "{'neg': 0.0, 'neu': 0.618, 'pos': 0.382, 'compound': 0.9962}\n",
      "{'neg': 0.115, 'neu': 0.846, 'pos': 0.039, 'compound': -0.9894}\n",
      "{'neg': 0.171, 'neu': 0.647, 'pos': 0.182, 'compound': 0.8776}\n",
      "{'neg': 0.1, 'neu': 0.782, 'pos': 0.119, 'compound': -0.4019}\n",
      "{'neg': 0.061, 'neu': 0.788, 'pos': 0.151, 'compound': 0.9721}\n",
      "{'neg': 0.086, 'neu': 0.69, 'pos': 0.225, 'compound': 0.9904}\n",
      "{'neg': 0.026, 'neu': 0.751, 'pos': 0.223, 'compound': 0.9983}\n",
      "{'neg': 0.052, 'neu': 0.657, 'pos': 0.29, 'compound': 0.9934}\n",
      "{'neg': 0.074, 'neu': 0.817, 'pos': 0.109, 'compound': 0.9509}\n",
      "{'neg': 0.095, 'neu': 0.531, 'pos': 0.374, 'compound': 0.994}\n",
      "{'neg': 0.073, 'neu': 0.591, 'pos': 0.335, 'compound': 0.9944}\n",
      "{'neg': 0.058, 'neu': 0.833, 'pos': 0.109, 'compound': 0.971}\n",
      "{'neg': 0.096, 'neu': 0.682, 'pos': 0.222, 'compound': 0.9935}\n",
      "{'neg': 0.022, 'neu': 0.877, 'pos': 0.101, 'compound': 0.9274}\n",
      "{'neg': 0.11, 'neu': 0.767, 'pos': 0.123, 'compound': 0.7929}\n",
      "{'neg': 0.08, 'neu': 0.852, 'pos': 0.068, 'compound': -0.5385}\n",
      "{'neg': 0.102, 'neu': 0.755, 'pos': 0.143, 'compound': 0.9553}\n",
      "{'neg': 0.093, 'neu': 0.768, 'pos': 0.139, 'compound': 0.9805}\n",
      "{'neg': 0.099, 'neu': 0.771, 'pos': 0.13, 'compound': 0.8817}\n",
      "{'neg': 0.101, 'neu': 0.877, 'pos': 0.022, 'compound': -0.9868}\n",
      "{'neg': 0.165, 'neu': 0.682, 'pos': 0.153, 'compound': -0.9316}\n",
      "{'neg': 0.062, 'neu': 0.799, 'pos': 0.139, 'compound': 0.991}\n",
      "{'neg': 0.059, 'neu': 0.845, 'pos': 0.096, 'compound': 0.9361}\n",
      "{'neg': 0.121, 'neu': 0.617, 'pos': 0.262, 'compound': 0.9986}\n",
      "{'neg': 0.159, 'neu': 0.773, 'pos': 0.068, 'compound': -0.9876}\n",
      "{'neg': 0.009, 'neu': 0.695, 'pos': 0.295, 'compound': 0.9984}\n",
      "{'neg': 0.015, 'neu': 0.696, 'pos': 0.288, 'compound': 0.9984}\n",
      "{'neg': 0.097, 'neu': 0.582, 'pos': 0.321, 'compound': 0.9965}\n",
      "{'neg': 0.15, 'neu': 0.599, 'pos': 0.252, 'compound': 0.9886}\n",
      "{'neg': 0.161, 'neu': 0.599, 'pos': 0.24, 'compound': 0.9419}\n",
      "{'neg': 0.077, 'neu': 0.817, 'pos': 0.106, 'compound': 0.4939}\n",
      "{'neg': 0.169, 'neu': 0.756, 'pos': 0.074, 'compound': -0.991}\n",
      "{'neg': 0.073, 'neu': 0.748, 'pos': 0.179, 'compound': 0.9937}\n",
      "{'neg': 0.067, 'neu': 0.78, 'pos': 0.153, 'compound': 0.9825}\n",
      "{'neg': 0.07, 'neu': 0.836, 'pos': 0.094, 'compound': 0.8775}\n",
      "{'neg': 0.148, 'neu': 0.563, 'pos': 0.289, 'compound': 0.9953}\n",
      "{'neg': 0.198, 'neu': 0.687, 'pos': 0.115, 'compound': -0.9924}\n",
      "{'neg': 0.119, 'neu': 0.709, 'pos': 0.171, 'compound': 0.9446}\n",
      "{'neg': 0.052, 'neu': 0.768, 'pos': 0.181, 'compound': 0.9887}\n",
      "{'neg': 0.14, 'neu': 0.829, 'pos': 0.03, 'compound': -0.9937}\n",
      "{'neg': 0.024, 'neu': 0.741, 'pos': 0.235, 'compound': 0.9982}\n",
      "{'neg': 0.059, 'neu': 0.763, 'pos': 0.178, 'compound': 0.9873}\n",
      "{'neg': 0.048, 'neu': 0.701, 'pos': 0.251, 'compound': 0.997}\n",
      "{'neg': 0.073, 'neu': 0.77, 'pos': 0.157, 'compound': 0.9888}\n",
      "{'neg': 0.046, 'neu': 0.876, 'pos': 0.078, 'compound': 0.9143}\n",
      "{'neg': 0.04, 'neu': 0.656, 'pos': 0.304, 'compound': 0.9993}\n",
      "{'neg': 0.045, 'neu': 0.751, 'pos': 0.204, 'compound': 0.9993}\n",
      "{'neg': 0.125, 'neu': 0.653, 'pos': 0.223, 'compound': 0.9799}\n",
      "{'neg': 0.067, 'neu': 0.828, 'pos': 0.105, 'compound': 0.8162}\n",
      "{'neg': 0.006, 'neu': 0.56, 'pos': 0.434, 'compound': 0.9996}\n",
      "{'neg': 0.078, 'neu': 0.794, 'pos': 0.128, 'compound': 0.8948}\n",
      "{'neg': 0.038, 'neu': 0.772, 'pos': 0.191, 'compound': 0.9983}\n",
      "{'neg': 0.024, 'neu': 0.85, 'pos': 0.126, 'compound': 0.9601}\n",
      "{'neg': 0.152, 'neu': 0.762, 'pos': 0.086, 'compound': -0.9852}\n",
      "{'neg': 0.021, 'neu': 0.862, 'pos': 0.117, 'compound': 0.9355}\n",
      "{'neg': 0.014, 'neu': 0.69, 'pos': 0.296, 'compound': 0.9887}\n",
      "{'neg': 0.092, 'neu': 0.858, 'pos': 0.05, 'compound': -0.9498}\n",
      "{'neg': 0.144, 'neu': 0.572, 'pos': 0.285, 'compound': 0.995}\n"
     ]
    },
    {
     "name": "stdout",
     "output_type": "stream",
     "text": [
      "{'neg': 0.005, 'neu': 0.545, 'pos': 0.45, 'compound': 0.9997}\n",
      "{'neg': 0.052, 'neu': 0.579, 'pos': 0.369, 'compound': 0.999}\n",
      "{'neg': 0.094, 'neu': 0.721, 'pos': 0.185, 'compound': 0.9925}\n",
      "{'neg': 0.01, 'neu': 0.862, 'pos': 0.128, 'compound': 0.9831}\n",
      "{'neg': 0.094, 'neu': 0.803, 'pos': 0.103, 'compound': 0.611}\n",
      "{'neg': 0.118, 'neu': 0.602, 'pos': 0.281, 'compound': 0.9983}\n",
      "{'neg': 0.16, 'neu': 0.739, 'pos': 0.101, 'compound': -0.8741}\n",
      "{'neg': 0.042, 'neu': 0.846, 'pos': 0.113, 'compound': 0.8219}\n",
      "{'neg': 0.033, 'neu': 0.77, 'pos': 0.196, 'compound': 0.9959}\n",
      "{'neg': 0.034, 'neu': 0.596, 'pos': 0.37, 'compound': 0.9991}\n",
      "{'neg': 0.102, 'neu': 0.783, 'pos': 0.114, 'compound': 0.6124}\n",
      "{'neg': 0.007, 'neu': 0.879, 'pos': 0.114, 'compound': 0.9965}\n",
      "{'neg': 0.012, 'neu': 0.785, 'pos': 0.203, 'compound': 0.9971}\n",
      "{'neg': 0.04, 'neu': 0.78, 'pos': 0.18, 'compound': 0.9947}\n",
      "{'neg': 0.256, 'neu': 0.573, 'pos': 0.171, 'compound': -0.9977}\n",
      "{'neg': 0.058, 'neu': 0.836, 'pos': 0.105, 'compound': 0.9576}\n",
      "{'neg': 0.195, 'neu': 0.712, 'pos': 0.093, 'compound': -0.9879}\n",
      "{'neg': 0.119, 'neu': 0.635, 'pos': 0.246, 'compound': 0.9965}\n",
      "{'neg': 0.035, 'neu': 0.839, 'pos': 0.125, 'compound': 0.9806}\n",
      "{'neg': 0.036, 'neu': 0.914, 'pos': 0.05, 'compound': 0.7423}\n",
      "{'neg': 0.054, 'neu': 0.748, 'pos': 0.198, 'compound': 0.9922}\n",
      "{'neg': 0.031, 'neu': 0.712, 'pos': 0.257, 'compound': 0.9973}\n",
      "{'neg': 0.019, 'neu': 0.462, 'pos': 0.519, 'compound': 0.9999}\n",
      "{'neg': 0.075, 'neu': 0.655, 'pos': 0.271, 'compound': 0.9985}\n",
      "{'neg': 0.042, 'neu': 0.908, 'pos': 0.049, 'compound': 0.6616}\n",
      "{'neg': 0.133, 'neu': 0.693, 'pos': 0.174, 'compound': 0.9255}\n",
      "{'neg': 0.022, 'neu': 0.722, 'pos': 0.255, 'compound': 0.9966}\n",
      "{'neg': 0.15, 'neu': 0.804, 'pos': 0.046, 'compound': -0.9866}\n",
      "{'neg': 0.039, 'neu': 0.792, 'pos': 0.168, 'compound': 0.987}\n",
      "{'neg': 0.048, 'neu': 0.865, 'pos': 0.087, 'compound': 0.9032}\n",
      "{'neg': 0.056, 'neu': 0.669, 'pos': 0.275, 'compound': 0.9966}\n",
      "{'neg': 0.042, 'neu': 0.632, 'pos': 0.327, 'compound': 0.9976}\n",
      "{'neg': 0.018, 'neu': 0.657, 'pos': 0.325, 'compound': 0.9986}\n",
      "{'neg': 0.045, 'neu': 0.848, 'pos': 0.107, 'compound': 0.9649}\n",
      "{'neg': 0.082, 'neu': 0.751, 'pos': 0.166, 'compound': 0.9966}\n",
      "{'neg': 0.034, 'neu': 0.673, 'pos': 0.293, 'compound': 0.9994}\n",
      "{'neg': 0.197, 'neu': 0.704, 'pos': 0.099, 'compound': -0.994}\n",
      "{'neg': 0.062, 'neu': 0.635, 'pos': 0.302, 'compound': 0.9988}\n",
      "{'neg': 0.016, 'neu': 0.62, 'pos': 0.364, 'compound': 0.9997}\n",
      "{'neg': 0.124, 'neu': 0.81, 'pos': 0.066, 'compound': -0.5267}\n",
      "{'neg': 0.092, 'neu': 0.785, 'pos': 0.123, 'compound': 0.947}\n",
      "{'neg': 0.037, 'neu': 0.856, 'pos': 0.107, 'compound': 0.9489}\n",
      "{'neg': 0.111, 'neu': 0.727, 'pos': 0.162, 'compound': 0.6622}\n",
      "{'neg': 0.037, 'neu': 0.785, 'pos': 0.179, 'compound': 0.9765}\n",
      "{'neg': 0.122, 'neu': 0.698, 'pos': 0.18, 'compound': 0.7337}\n",
      "{'neg': 0.131, 'neu': 0.719, 'pos': 0.15, 'compound': 0.9736}\n",
      "{'neg': 0.106, 'neu': 0.724, 'pos': 0.17, 'compound': 0.9763}\n",
      "{'neg': 0.291, 'neu': 0.696, 'pos': 0.012, 'compound': -0.9932}\n",
      "{'neg': 0.04, 'neu': 0.931, 'pos': 0.029, 'compound': -0.5411}\n",
      "{'neg': 0.03, 'neu': 0.966, 'pos': 0.004, 'compound': -0.928}\n",
      "{'neg': 0.036, 'neu': 0.802, 'pos': 0.162, 'compound': 0.9961}\n",
      "{'neg': 0.297, 'neu': 0.647, 'pos': 0.056, 'compound': -0.9963}\n",
      "{'neg': 0.037, 'neu': 0.884, 'pos': 0.079, 'compound': 0.9848}\n",
      "{'neg': 0.055, 'neu': 0.895, 'pos': 0.05, 'compound': -0.6954}\n",
      "{'neg': 0.069, 'neu': 0.616, 'pos': 0.316, 'compound': 0.9994}\n",
      "{'neg': 0.03, 'neu': 0.854, 'pos': 0.116, 'compound': 0.9887}\n",
      "{'neg': 0.255, 'neu': 0.546, 'pos': 0.199, 'compound': -0.9911}\n",
      "{'neg': 0.054, 'neu': 0.737, 'pos': 0.209, 'compound': 0.9873}\n",
      "{'neg': 0.125, 'neu': 0.684, 'pos': 0.19, 'compound': 0.9944}\n",
      "{'neg': 0.133, 'neu': 0.572, 'pos': 0.295, 'compound': 0.9987}\n",
      "{'neg': 0.066, 'neu': 0.757, 'pos': 0.177, 'compound': 0.9853}\n",
      "{'neg': 0.138, 'neu': 0.641, 'pos': 0.221, 'compound': 0.988}\n",
      "{'neg': 0.016, 'neu': 0.93, 'pos': 0.054, 'compound': 0.9224}\n",
      "{'neg': 0.07, 'neu': 0.756, 'pos': 0.174, 'compound': 0.9822}\n",
      "{'neg': 0.123, 'neu': 0.797, 'pos': 0.08, 'compound': -0.9755}\n",
      "{'neg': 0.095, 'neu': 0.772, 'pos': 0.133, 'compound': 0.9513}\n",
      "{'neg': 0.226, 'neu': 0.499, 'pos': 0.275, 'compound': 0.9766}\n",
      "{'neg': 0.02, 'neu': 0.671, 'pos': 0.309, 'compound': 0.9995}\n",
      "{'neg': 0.132, 'neu': 0.708, 'pos': 0.16, 'compound': 0.9651}\n",
      "{'neg': 0.01, 'neu': 0.75, 'pos': 0.239, 'compound': 0.9983}\n",
      "{'neg': 0.052, 'neu': 0.809, 'pos': 0.139, 'compound': 0.9842}\n",
      "{'neg': 0.017, 'neu': 0.772, 'pos': 0.211, 'compound': 0.9959}\n",
      "{'neg': 0.054, 'neu': 0.76, 'pos': 0.187, 'compound': 0.997}\n",
      "{'neg': 0.076, 'neu': 0.88, 'pos': 0.044, 'compound': -0.9663}\n",
      "{'neg': 0.105, 'neu': 0.597, 'pos': 0.298, 'compound': 0.9986}\n",
      "{'neg': 0.071, 'neu': 0.647, 'pos': 0.282, 'compound': 0.9995}\n",
      "{'neg': 0.125, 'neu': 0.698, 'pos': 0.177, 'compound': 0.9718}\n",
      "{'neg': 0.045, 'neu': 0.86, 'pos': 0.095, 'compound': 0.9661}\n",
      "{'neg': 0.218, 'neu': 0.574, 'pos': 0.208, 'compound': 0.9243}\n",
      "{'neg': 0.118, 'neu': 0.743, 'pos': 0.139, 'compound': 0.5777}\n",
      "{'neg': 0.069, 'neu': 0.789, 'pos': 0.142, 'compound': 0.9911}\n",
      "{'neg': 0.023, 'neu': 0.44, 'pos': 0.537, 'compound': 0.9986}\n",
      "{'neg': 0.268, 'neu': 0.624, 'pos': 0.108, 'compound': -0.9991}\n",
      "{'neg': 0.035, 'neu': 0.828, 'pos': 0.137, 'compound': 0.994}\n",
      "{'neg': 0.028, 'neu': 0.843, 'pos': 0.129, 'compound': 0.9964}\n",
      "{'neg': 0.029, 'neu': 0.773, 'pos': 0.198, 'compound': 0.9983}\n",
      "{'neg': 0.064, 'neu': 0.883, 'pos': 0.053, 'compound': -0.7829}\n",
      "{'neg': 0.024, 'neu': 0.853, 'pos': 0.123, 'compound': 0.9946}\n",
      "{'neg': 0.061, 'neu': 0.513, 'pos': 0.426, 'compound': 0.9998}\n",
      "{'neg': 0.087, 'neu': 0.853, 'pos': 0.06, 'compound': -0.9466}\n",
      "{'neg': 0.04, 'neu': 0.606, 'pos': 0.353, 'compound': 0.9999}\n",
      "{'neg': 0.065, 'neu': 0.725, 'pos': 0.211, 'compound': 0.979}\n",
      "{'neg': 0.038, 'neu': 0.835, 'pos': 0.127, 'compound': 0.9904}\n",
      "{'neg': 0.026, 'neu': 0.656, 'pos': 0.318, 'compound': 0.9995}\n",
      "{'neg': 0.107, 'neu': 0.685, 'pos': 0.207, 'compound': 0.9947}\n",
      "{'neg': 0.027, 'neu': 0.68, 'pos': 0.293, 'compound': 0.9996}\n",
      "{'neg': 0.053, 'neu': 0.779, 'pos': 0.168, 'compound': 0.9722}\n",
      "{'neg': 0.0, 'neu': 0.7, 'pos': 0.3, 'compound': 0.9992}\n",
      "{'neg': 0.072, 'neu': 0.823, 'pos': 0.105, 'compound': 0.9767}\n",
      "{'neg': 0.133, 'neu': 0.65, 'pos': 0.217, 'compound': 0.9968}\n",
      "{'neg': 0.02, 'neu': 0.672, 'pos': 0.308, 'compound': 0.9992}\n",
      "{'neg': 0.041, 'neu': 0.907, 'pos': 0.052, 'compound': -0.0789}\n",
      "{'neg': 0.177, 'neu': 0.809, 'pos': 0.013, 'compound': -0.9975}\n",
      "{'neg': 0.005, 'neu': 0.799, 'pos': 0.196, 'compound': 0.9988}\n",
      "{'neg': 0.044, 'neu': 0.71, 'pos': 0.246, 'compound': 0.9994}\n",
      "{'neg': 0.069, 'neu': 0.673, 'pos': 0.258, 'compound': 0.9993}\n",
      "{'neg': 0.097, 'neu': 0.631, 'pos': 0.272, 'compound': 0.9996}\n",
      "{'neg': 0.144, 'neu': 0.668, 'pos': 0.188, 'compound': 0.9658}\n",
      "{'neg': 0.04, 'neu': 0.929, 'pos': 0.031, 'compound': 0.3249}\n",
      "{'neg': 0.015, 'neu': 0.735, 'pos': 0.25, 'compound': 0.9985}\n",
      "{'neg': 0.034, 'neu': 0.88, 'pos': 0.086, 'compound': 0.9287}\n",
      "{'neg': 0.053, 'neu': 0.778, 'pos': 0.169, 'compound': 0.9922}\n",
      "{'neg': 0.028, 'neu': 0.768, 'pos': 0.204, 'compound': 0.9963}\n",
      "{'neg': 0.135, 'neu': 0.808, 'pos': 0.057, 'compound': -0.9297}\n",
      "{'neg': 0.101, 'neu': 0.817, 'pos': 0.082, 'compound': -0.7051}\n",
      "{'neg': 0.118, 'neu': 0.788, 'pos': 0.093, 'compound': -0.8921}\n",
      "{'neg': 0.028, 'neu': 0.669, 'pos': 0.303, 'compound': 0.9993}\n",
      "{'neg': 0.071, 'neu': 0.619, 'pos': 0.31, 'compound': 0.9977}\n",
      "{'neg': 0.114, 'neu': 0.597, 'pos': 0.289, 'compound': 0.9976}\n",
      "{'neg': 0.043, 'neu': 0.572, 'pos': 0.385, 'compound': 0.9992}\n",
      "{'neg': 0.104, 'neu': 0.826, 'pos': 0.07, 'compound': -0.8975}\n",
      "{'neg': 0.065, 'neu': 0.837, 'pos': 0.098, 'compound': 0.7122}\n",
      "{'neg': 0.053, 'neu': 0.713, 'pos': 0.234, 'compound': 0.9934}\n",
      "{'neg': 0.048, 'neu': 0.782, 'pos': 0.17, 'compound': 0.9888}\n",
      "{'neg': 0.05, 'neu': 0.821, 'pos': 0.129, 'compound': 0.9145}\n",
      "{'neg': 0.137, 'neu': 0.744, 'pos': 0.119, 'compound': -0.6705}\n",
      "{'neg': 0.447, 'neu': 0.43, 'pos': 0.123, 'compound': -0.9996}\n",
      "{'neg': 0.024, 'neu': 0.911, 'pos': 0.064, 'compound': 0.8658}\n",
      "{'neg': 0.356, 'neu': 0.323, 'pos': 0.321, 'compound': -0.9984}\n",
      "{'neg': 0.125, 'neu': 0.767, 'pos': 0.108, 'compound': -0.6218}\n",
      "{'neg': 0.169, 'neu': 0.738, 'pos': 0.093, 'compound': -0.9273}\n",
      "{'neg': 0.06, 'neu': 0.843, 'pos': 0.097, 'compound': 0.9361}\n",
      "{'neg': 0.049, 'neu': 0.594, 'pos': 0.357, 'compound': 0.9998}\n",
      "{'neg': 0.079, 'neu': 0.641, 'pos': 0.28, 'compound': 0.9924}\n",
      "{'neg': 0.135, 'neu': 0.689, 'pos': 0.176, 'compound': 0.978}\n",
      "{'neg': 0.006, 'neu': 0.769, 'pos': 0.225, 'compound': 0.9964}\n",
